104.4844
77.17908
93.72375
81.71106
47.48962
85.44452
52.54492
80.3526
48.24365
78.31976
43.73969
74.80981
41.87671
78.41687
72.55713
41.14758
81.21741
44.08496
73.86816
41.09741
80.28247
46.3689
75.47437
42.84277
79.57935
83.23633
52.72803
77.73657
77.38599
79.49829
74.68359
45.16724
52.94287
77.04761
76.81494
45.88184
84.81006
51.24219
44.12598
84.01758
76.20459
79.94434
45.9502
48.59619
79.95947
78.50488
49.97119
51.16504
74.81543
44.08887
80.95703
77.05469
44.57129
83.49023
50.41895
63.26172
71.40332
45.95313
49.68945
81.5127
76.55566
43.03613
78.2627
46.21191
79.24219
46.69238
80.01855
44.92773
78.35547
45.16406
84.625
51.32422
79.1543
79.19043
47.23926
77.36133
47.07422
78.18164
46.72949
87.66406
82.7627
77.84961
45.76563
83.87793
49.58105
77.01855
44.11328
76.15039
44.8125
45.55469
83.43652
76.85645
44.79785
84.55078
51.42383
40.95703
78.93164
46.34961
84.54297
79.87109
45.79102
83.67578
79.04492
49.52734
76.92383
80.90234
44.05273
78.67188
45.50391
74.06836
48.05273
84.52539
54.87891
81.69727
80.01563
45.97266
83.33008
52.02734
75.74414
61.05273
39.78125
79.75391
48.14258
75.46289
42.67188
92.50391
82.28516
42.32617
79.10352
79.24805
47.7832
85.28711
85.83203
78.86719
77.57031
79.9082
45.37891
74.37109
41.38086
80.41992
51.32422
77.15039
50.41797
45.55664
74.82617
41.58594
50.12695
78.63867
47.01367
51.9707
77.75977
82.16602
47.84961
79.85156
45.4668
86.42969
47.73633
84.89063
50.79688
43.71094
78.98438
46.01563
74.15625
83.72852
50.29883
81.87109
50.39453
76.28711
44.20508
79.63281
47.59375
77.72656
42.54492
81.51758
50.00977
45.25781
82.37305
44.22461
85.29688
48.05469
83.09961
79.77734
38.97852
79.31641
84.26758
50.57617
76.85352
45.75586
96.54102
63.28711
82.11914
48.56641
51.54102
39.9082
82.02734
51.36719
82.79297
51.75
52.28906
79.93359
45.51563
76.20313
75.32031
42.05859
48.70703
74.36719
52.81641
81.69141
77.82031
82.10547
78.29688
44.73828
83.17578
46.35938
82.36719
46.19531
77.69922
46
85.38672
52.28125
73.22656
38.85938
81.34766
48.47266
42.31641
84.42969
52.23438
50.14844
83.82031
49.62891
81.89063
47.81641
79.63672
49.25
92.96484
52.17969
78.48828
43.59766
73.40625
40.36719
79.83203
45.28906
44.42578
79.03906
47.97656
78.67188
44.25781
76.11719
48
43.80469
80.77344
46.0625
47.40625
45.00781
80.47266
89.95313
58.64063
69.69141
40.85156
80.85938
76.70703
42.30078
81.45313
80.33203
48.875
75.42969
84.59375
79.94141
84.45313
47.17969
85.19531
82.95703
49.66016
79.30859
47.49609
51.92188
79.60156
50.90234
45.23047
79.67188
45.57813
72.96484
78.14844
43.51563
83.68359
51.36328
77.16016
43.66016
82.18359
43.94922
80.17578
75.55469
44.89453
47.99609
43.98828
79.51172
44.39844
78.32422
48.37109
72.69922
80.21484
50.22266
45.67969
84.19531
52.73047
79.19141
82.26563
50.4375
77.67578
77.90234
45.68359
41.57031
71.64453
39.82813
45.44922
83.46875
50.40234
79.06641
44.85938
51.49219
52.05469
47.58594
69.44531
41.54688
79.49609
46.33594
41.77734
46.73438
74.63672
80.27734
47.27734
46.12891
74.25391
42.87109
47.36328
77.66797
44.13281
77.41797
42.53516
80.88281
46.91797
74.8125
40.89844
68.22266
36.19531
48.70313
75.93359
42.4375
81.26172
48.24609
79.68359
43.75391
44.63281
42.74219
75.84375
47.59766
70.77344
76.46484
41.63281
50.09766
87.91406
54.33203
79.30469
44.10156
37.49609
80.02344
73.26172
41.19531
75.40234
79.91797
45.89453
46.25391
83.71875
75.71484
41.82422
80.83984
76.62109
83.92578
48.80078
47.01953
81.08594
47.22656
83.07813
81.40625
71.78906
79.55469
45.71875
70.92188
39.21094
79.69531
47.17188
77.14844
44.98438
43.11719
48.42188
76
42.33594
48.99219
78.34375
47.66406
51.24219
78.03125
76.89844
43.69531
44.875
83.78906
50.16406
50.72656
77.03906
44.50781
83.47656
80.21094
42.20313
47.10156
76.89063
38.58594
82.45313
50.5625
85.02344
51.20313
79.38281
94.88281
41.78906
50.84375
84.57813
53.01563
72.29688
75.92188
80.63281
75.64063
45.60156
80.78125
48.21094
45.30469
82.79688
52.125
80.10938
76.39844
41.27344
83.17969
50.28125
42.38281
82.45313
48.4375
42.04688
84.49219
79.25
51.70313
44.85156
84.88281
50.54688
78.57813
50.4375
51.90625
78.47656
83.11719
48.75
78.44531
46.55469
44.3125
81.82031
50.94531
78.51563
42.95313
48.74219
53.14063
82.13281
49.91406
78.26563
82.75
46.72656
76.61719
73.78906
48.08594
81.26563
49.10156
78.52344
43.875
82.08594
43.66406
47.14844
85.01563
73.20313
39.84375
79.10156
85.69531
79.25781
75.24219
84.625
75.94531
44.38281
49.05469
77.47656
82.96875
46.96094
45.46094
75.92969
80.72656
45.4375
75.64844
40.79688
83.08594
77.5
81.59375
48.82031
46.39844
76.96094
45.46094
52.60938
76.92969
45.20313
45.72656
77.27344
41.89063
81.3125
49.19531
43.44531
81.52344
49.11719
43.60156
48.64063
79.50781
76.99219
46.27344
85.46094
52.91406
78.03906
45.16406
81.33594
45.65625
82.58594
79.20313
77.32031
81.375
49.09375
78.32813
43.44531
45.82813
83.97656
45.17969
85.30469
78.61719
45.01563
83.10156
86.01563
70.38281
84.29688
49.35156
78.13281
44.54688
79.21094
47.84375
47.39063
45.99219
82.95313
77.28125
44.04688
83.88281
78.69531
75.90625
43.60938
79.125
43.86719
74.24219
79.80469
45.25
74.98438
42.46875
82.72656
62.92969
42.76563
40.39844
81.67969
48.27344
42.25
49.33594
89.64844
57.92188
43.5625
81.64063
50.35938
76.59375
82.375
49.41406
77.58594
50.60938
78.3125
80.75
47
80.90625
47.26563
74.70313
79.74219
47.72656
42.03125
86.07813
53.03906
75.75
37.42969
82.4375
76.55469
45.04688
50.61719
77.46094
82.73438
49.76563
45.78125
76.4375
42.25781
48.59375
73.53906
41.66406
83.00781
92.45313
60.32813
50.96875
50.17969
76.27344
42.59375
79.1875
46.5
81.75781
47.64844
40.53906
81.88281
84.53906
48.74219
76.58594
76.82813
44.16406
81.92969
48.58594
80.0625
47.39844
73.32031
80.57031
47.27344
81.46875
74.83594
81.39063
52.89844
79.65625
83.92188
75.39844
41.21094
43.15625
48.64063
84.85938
50.39063
44.21875
49.42188
44.3125
82.625
48.83594
78.82031
44.85156
48.17969
79.10938
46.57813
76.54688
41.17188
49.60938
76.28125
81.89844
48.09375
77.0625
80.04688
82.48438
82.4375
48.39844
77.94531
51.14063
47.04688
77.17188
46.4375
81.28125
49.60938
46.75
51.89844
48.28125
77.27344
44.54688
45.71094
42.86719
83.17969
65.53906
51.03906
76.09375
42.53906
43.42969
80.49219
48.39844
76.92969
77.28125
42.9375
81.89844
46.94531
48.90625
76.75
83.50781
49.23438
76.67969
44.71094
49.40625
76.59375
83.21094
79.71094
45.625
73.36719
40.13281
85.67969
67.74219
38.44531
81.21875
48.59375
73.89844
40.99219
79.21875
82.32031
45.14063
78.78906
44.17969
84.11719
77.1875
79.25
50.64063
89.875
81.67969
80.82031
49.94531
46.49219
83.57031
51.83594
79.05469
39.35156
75.07813
51.53125
86.32031
52.57031
46.32813
85.02344
52.97656
79.14844
48.375
76.49219
80.17188
72.5
41.17188
81.29688
47.74219
86.36719
53.3125
46.40625
76.23438
81.57813
49.21875
82.6875
49.17188
77.98438
45.09375
74.4375
80.17188
78.875
46.07813
86.96875
46.4375
83.14063
51.3125
78.45313
80.71875
48.23438
77.39063
46.15625
48.20313
74.875
84.875
79.48438
47.5
83.8125
84.04688
45.90625
49.57813
78.04688
46.60938
50.9375
73.89063
82.73438
73.9375
90.78125
58.95313
43.26563
46.96875
73.79688
77.48438
45.57813
89.5625
58.28125
82.57813
75.96875
50.92188
77.54688
49.42188
83.48438
49.28125
77.75
45.57813
73.59375
42.34375
47.40625
84.57813
51.875
51.01563
76.76563
46.4375
82.79688
87.78125
43.875
82.78125
73.5625
80.95313
41.21875
47.78125
80.96875
49.57813
46.21875
86.01563
52.42188
80.67188
45.17188
56.875
81.625
51.35938
77.01563
44.5625
82.65625
47.84375
76.21875
84.76563
80.03125
85.53125
53.1875
71.76563
47.03125
82.57813
77.76563
82.54688
49.46875
44.28125
49.10938
79.45313
45.07813
81.92188
51.64063
70.375
36.96875
75.45313
83.4375
79.9375
49.32813
46.28125
72.96875
40.73438
42.89063
50.54688
86.73438
79.23438
47
78.60938
81.25
44.17188
85.53125
78.40625
51.70313
74.54688
48.35938
82.48438
47.9375
44.17188
82.78125
50.875
78.20313
82.4375
50.70313
79.84375
46.71875
82.23438
93.84375
49.54688
74.25
47.67188
74.875
42.78125
82.79688
76.10938
44.15625
83.84375
77.0625
83.39063
49.75
78.03125
45.6875
78.1875
90.85938
78.29688
40.40625
47.5
75.34375
43.90625
76.95313
42.375
78.25
45
82.65625
75.34375
44.04688
81.8125
83.95313
80.39063
84.35938
50.6875
79.67188
83.01563
78.73438
75.76563
46.3125
45.17188
82.28125
50.95313
77.40625
85.79688
45.75
84.75
51.76563
82.90625
77.15625
49.64063
47.01563
82.85938
78.67188
84.0625
44.79688
76.23438
44.17188
80.14063
45.76563
80
45.875
90.01563
50.51563
79.65625
78
45.29688
50.10938
78.90625
45.96875
51.10938
46.46875
75.6875
49.32813
82.46875
49.75
76.9375
45.6875
80.28125
74.26563
42.85938
79.65625
85.70313
43.6875
79.82813
73.39063
85.76563
80.42188
76.57813
43.25
83.21875
45.79688
83.92188
49.6875
79.15625
84.51563
80.76563
51.14063
76.375
44.82813
82.48438
77.51563
45.98438
43.85938
83.125
50.51563
46.42188
76.20313
79.875
