104.4844
72.07368
85.44452
78.31976
48.36975
50.97827
78.41687
46.85657
72.55713
41.14758
79.85083
44.50317
72.09399
57.8894
83.23633
47.62988
75.60205
42.73779
52.94287
45.47876
75.79907
42.48828
81.59302
51.24219
77.43457
43.46533
81.15967
48.03564
76.91504
43.38135
82.54297
76.93945
78.19727
81.00146
48.71338
52.29883
44.02246
41.84424
42.56396
45.87012
80.00732
47.24023
75.81641
41.67871
79.95117
45.02637
83.51855
60.3252
76.62598
77.12598
76.4248
50.83984
47.04004
80.33398
46.21191
79.24219
84.80566
48.57715
50.4209
75.81934
80.11133
78.62988
46.32129
80.44336
43.21387
82.55566
44.75879
83.23438
52.44727
51.42383
78.25293
41.41602
81.60352
53.30664
79.70117
47.83789
78.29883
44.07813
80.80273
83.94531
43.91992
47.79492
43.33594
47.57227
84.42188
76.58398
46.8457
41.43164
81.08203
40.4375
46.18164
74.43359
42.00781
80.01563
45.39453
85.9043
54.3457
79.40039
44.19531
79.75391
48.14258
42.67188
47.99609
76.9043
54.91797
67.31836
37.82227
80.95898
46.23047
75.88477
42.32617
81.90039
48.15039
51.67188
85.83203
43.16797
78.75586
76.11719
45.35938
46.4043
84.20313
38.64648
49.27734
76.97461
45.57031
82.16602
79.85156
45.4668
86.42969
78.29883
76.12305
79.63281
46.42578
85.69531
44.42578
79.31641
47.39453
76.3418
41.21484
48.78125
81.61719
43.55078
84.20313
79.75
45.61719
74.01563
94.42578
84.42773
46.29492
74.30273
39.9082
44.73047
75.75781
79.63672
79.93359
83.73047
49.73828
75.5625
84.73438
50.77344
77.67188
44.76172
44.9375
74.47266
70.8125
44.58203
39.29688
44.73828
83.17578
51.57422
80.5625
47.04688
78.59375
51.73438
82.76172
83.62891
73.51953
79.83203
84.50391
74.12891
95.48438
86.10156
71.41016
48.32813
73.27734
50.66797
78.17188
41.72266
48.375
41.60547
76.67578
82.12109
51.23828
45.51953
84.91406
51.66016
78.65234
45.29688
84.45313
79.82422
47.17969
85.19531
51.25
75.60547
80.25391
48.79688
78.14844
83.68359
51.36328
77.16016
81.49219
44.89453
78.66797
47.99609
43.98828
41.98828
77.57031
74.87891
42.53516
46.125
50.22266
49.42578
44.79297
81.23438
78.40234
46.14453
82.3125
48.75781
77.90234
45.68359
74.60547
41.57031
48.65625
78.29688
44.89453
48.29688
77.80469
45.20703
81.82422
47.80859
76.08203
42.92188
49.82813
77.15234
40.97266
81.10156
46.73438
51.08203
47.75391
80.28906
45.55469
84.28516
77.19922
39.61719
92.44922
75.93359
44.31641
82.48047
77.66797
46.16406
83.1875
49.8125
78.44922
74.92188
39.85156
79.82813
75.08203
83.03906
48.20703
49.13281
73.67188
75.98828
43.75391
82.61328
74.72266
47.26563
76.92578
44.29297
81.30078
78.67578
76.38672
82.36719
50.09766
87.91406
54.33203
75.22266
40.16406
81.5625
76.83984
42.75391
70.28125
79.30469
44.10156
71.41797
37.49609
80.02344
45.75391
80.88672
50.21094
47.01953
72.98438
40.65625
83.07813
51.14844
76.57031
80.11719
48.32813
75.39844
43.0625
99.46875
73.45313
76.63281
79.92188
78.16406
46.44531
83.88281
79.92188
78.22656
38.60938
78.53125
45.73438
78.95313
83.78906
74.17969
83
50.72656
77.03906
44.25781
49.8125
80.21094
49.82031
77.66406
83.30469
74.73438
42.20313
82.8125
43.96094
44.94531
84.38281
82.70313
49.86719
45.16406
50.90625
45.16406
75.61719
41.44531
45.82031
47.89844
39.10156
51.78906
76.6875
81.30469
76.39844
41.27344
78.5625
45.28906
85.21875
79.82031
46.23438
76.32031
42.71875
83.17969
78.08594
42.38281
82.45313
49.1875
44.84375
46.10938
83.95313
79.96094
51.55469
79.23438
48.48438
43.89844
78.51563
49.70313
78.85156
77.03906
46.52344
84.22656
80.28906
73.34375
42.85156
52.27344
82.82813
78.52344
82.08594
49.38281
47.02344
52.41406
73.20313
39.84375
85.69531
47.39063
45.94531
95.14063
63.27344
79.80469
77.47656
47.74219
43.16406
50.82031
75.92969
48.82813
77.5
81.59375
48.82031
75.80469
46.83594
45.55469
84.99219
74.08594
45.72656
41.89063
92.24219
60.125
76.28125
43.44531
81.52344
76.40625
76.99219
44.17969
85.51563
51.21875
44.51563
78.03906
78.19531
47.875
74.85938
44.05469
64.13281
46.53125
75.6875
43.70313
51.38281
44.52344
84.63281
51.5
49.46094
49.09375
45.23438
78.35938
50.51563
44.41406
49.55469
81.28906
46.34375
42.4375
79.21094
47.84375
75.79688
43.36719
75.21094
43.52344
81.75
75.01563
44.04688
78.69531
84.14063
52.20313
45.96094
75.64063
79.80469
45.25
72.57031
71.9375
62.92969
76.13281
75.32031
81.9375
48.74219
74.94531
80.61719
48.57031
43.32813
81.02344
47.17969
81.07031
47.8125
42.25
78.75781
50.60938
78.3125
45.41406
42.40625
48.91406
43.52344
80.75
47
78.46094
76.89063
44
45.625
76.27344
42.59375
82.55469
49.22656
77.32813
50.26563
54.70313
80.70313
47.74219
76.9375
44.54688
81.95313
48.5625
84.53906
52.20313
79.16406
79.04688
74.125
41.46094
79.41406
81.46094
84.71094
41.74219
74.83594
82.69531
51.49219
44.88281
50.27344
58.34375
54.875
80.85938
76.78906
43.15625
81.875
48.64063
78.92969
89.3125
80.32031
74.03906
41.79688
80.72656
48.39063
43.1875
79.97656
47.88281
46.57813
74.39844
42.30469
46.83594
44.9375
49.65625
77.13281
77.90625
46.32031
48.39844
45.03906
53.03906
42.49219
84.5
51.89844
48.28125
77.27344
44.54688
83.90625
48.96094
78.375
82.61719
79.78906
82.44531
77.65625
43.35156
79.66406
73.375
40.13281
46.21875
56.77344
75.76563
43.42969
80.49219
48.39844
45.53125
79.42969
76.25
44.03125
48.27344
43.0625
48.90625
79.45313
81.69531
47.875
76.60156
39.94531
83.21094
51.27344
73.36719
40.13281
78.73438
73.29688
85.09375
86.5
43.27344
82.32031
49.625
77.76563
83.08594
82.5
49.46094
75.38281
83.53125
49.94531
79.09375
39.35156
46.73438
48.78906
44.86719
82.21875
48.71094
75.72656
74.3125
47.91406
75.25
43.00781
44.72656
81.35938
48.78125
78.78125
45.08594
72.5
46.79688
49.17188
77.64063
48.10938
75.76563
42.21875
49.90625
74.25
42.04688
80.73438
47.20313
40.40625
86.82813
53.60938
48.35938
78.5625
44.39063
48.20313
76.09375
77.46875
44.28125
41.21875
80.89063
46.4375
76.01563
43.25
92.17188
59.70313
46.60938
40.40625
49.4375
41.20313
83.64063
48.53125
73.79688
41.54688
45.57813
75.96875
50.92188
45.78125
43.32813
76.70313
42.64063
83.34375
49.09375
45.57813
78.07813
76.76563
46.4375
81.26563
45.10938
82.125
84.25
49.82813
78.84375
47.3125
83.34375
51.90625
80.95313
49
80.67188
53.03125
89.46875
81.625
47.84375
76.21875
47.6875
84.76563
46.34375
53.1875
38.57813
72.59375
39.90625
80.64063
87.85938
52.71875
82.01563
48.1875
37.82813
43.28125
78.14063
50.73438
70.01563
74.92188
82.90625
80.32813
44.79688
51.82813
83
76.14063
42.89063
84.03125
48.35938
47
75.98438
78.60938
77.59375
43.17188
80.84375
48.0625
83.4375
84.79688
85.5
53.54688
43.59375
82.78125
50.875
78.20313
50.70313
79.84375
46.71875
75.82813
51.07813
44.32813
83.75
74.875
48.125
48.59375
82.89063
77.0625
83.35938
50.54688
78.34375
44.3125
49.75
78.03125
46.26563
82.98438
49.17188
83.625
56.46875
47.125
77.34375
44.54688
82.70313
75.0625
40.40625
82.60938
45.34375
49.26563
54.4375
82.03125
50.59375
78.57813
75.3125
41.54688
81.60938
84.89063
53.92188
76.78125
49.29688
78.84375
76.39063
81.78125
77.15625
83.79688
85.07813
79.53125
46.98438
76.3125
41.64063
82.14063
46.9375
76.32813
46.21875
80
77.20313
72.46875
39.46875
82.4375
49.84375
43.23438
78.84375
75.6875
41.60938
87.625
81.57813
48.90625
74.78125
43.375
65.89063
83.4375
51.28125
84
51.54688
78.21875
82.48438
82.39063
47.78125
43.78125
75.57813
44.10938
75.82813
89.67188
48.75
76.25
43.5
79.54688
46.79688
79.375
43.875
